Artist,# Keep,# Cull,Total Games by This Artist,Games
Klemens Franz,10,5,15,"Altiplano (KEEP)
Bärenpark (KEEP)
Clans of Caledonia (KEEP)
Foothills (KEEP)
Glasgow (CULL)
Grand Austria Hotel (KEEP)
Guilds of London (CULL)
Isle of Skye: From Chieftain to King (KEEP)
Mombasa (KEEP)
Orléans (KEEP)
Patchwork (KEEP)
Patchwork Express (CULL)
Piepmatz (CULL)
Riverboat (KEEP)
Snowdonia (CULL)"
Franz Vohwinkel,7,5,12,"Amun-Re (CULL)
Jungle Speed (CULL)
Lords of Vegas (CULL)
Lost Cities (KEEP)
Medici (KEEP)
Mexica (KEEP)
Ricochet Robots (KEEP)
The Princes of Florence (KEEP)
The Quest for El Dorado (KEEP)
Tikal (CULL)
Torres (KEEP)
Tsuro (CULL)"
Harald Lieske,5,7,12,"Amerigo (KEEP)
Calimala (KEEP)
Dominion (KEEP)
Fast Forward: FEAR (CULL)
Fast Forward: FORTRESS (CULL)
Fast Forward: FORTUNE (CULL)
Kraftwagen (CULL)
La Granja (CULL)
Las Vegas (KEEP)
Odin's Ravens (Second Edition) (CULL)
Power Grid: The Card Game (CULL)
The Castles of Burgundy (KEEP)"
Vincent Dutrait,4,6,10,"Alexandria (CULL)
Jaipur (CULL)
Lost Cities (KEEP)
Medici (KEEP)
Medici: The Dice Game (CULL)
Pyramid of Pengqueen (KEEP)
Raptor (CULL)
The Quest for El Dorado (KEEP)
Whale Riders (CULL)
Whale Riders: The Card Game (CULL)"
Chris Quilliams,4,6,10,"Arboretum (KEEP)
Azul (CULL)
Azul: Stained Glass of Sintra (CULL)
Azul: Summer Pavilion (KEEP)
Blackout: Hong Kong (KEEP)
Carcassonne (CULL)
Carcassonne: Hunters and Gatherers (CULL)
Era: Medieval Age (KEEP)
Junk Art (CULL)
Reef (CULL)"
Dennis Lohausen,8,1,9,"AquaSphere (KEEP)
Crown of Emara (KEEP)
Gaia Project (KEEP)
Hansa Teutonica: Big Box (KEEP)
Merlin: Big Box (KEEP)
No Thanks! (KEEP)
Rajas of the Ganges (KEEP)
Renature (CULL)
Terra Mystica (KEEP)"
Michael Menzel,7,0,7,"Chicago Express (KEEP)
Dominion (KEEP)
Forum Trajanum (KEEP)
Porta Nigra (KEEP)
Pyramid of Pengqueen (KEEP)
Stone Age (KEEP)
Torres (KEEP)"
Oliver Freudenreich,2,5,7,"Goa (KEEP)
No Thanks! (KEEP)
Qwixx (CULL)
Silver & Gold (CULL)
The Game (CULL)
The Mind (CULL)
X nimmt! (CULL)"
Claus Stephan,5,1,6,"Amerigo (KEEP)
Dominion (KEEP)
Escape: The Curse of the Temple – Big Box (KEEP)
Imhotep: The Duel (CULL)
Lost Cities (KEEP)
Through the Desert (KEEP)"
Paul Mafayon,4,1,5,"Cuzco (KEEP)
King of Tokyo: Dark Edition (KEEP)
Loony Quest (KEEP)
Mexica (KEEP)
Tikal (CULL)"
Andreas Resch,3,2,5,"Gùgōng (CULL)
Mombasa (KEEP)
Paris (CULL)
Pictomania (KEEP)
Rialto (KEEP)"
Kris Burm,4,0,4,"DVONN (KEEP)
LYNGK (KEEP)
TZAAR (KEEP)
YINSH (KEEP)"
Cyrille Daujean,3,1,4,"Memoir '44 (KEEP)
Quadropolis (KEEP)
Small World (KEEP)
Ticket to Ride: Europe (CULL)"
Ian O'Toole,3,1,4,"Age of Steam (KEEP)
Irish Gauge (CULL)
Kanban EV (KEEP)
Ride the Rails (KEEP)"
Julien Delval,3,1,4,"Dominion (KEEP)
Memoir '44 (KEEP)
The Castles of Burgundy (KEEP)
Ticket to Ride: Europe (CULL)"
Beth Sobel,3,1,4,"Arboretum (KEEP)
Calico (CULL)
Circle the Wagons (KEEP)
Wingspan (KEEP)"
Christophe Swal,2,2,4,"Cuzco (KEEP)
Innovation (CULL)
Mexica (KEEP)
Tikal (CULL)"
Mariano Iannelli,2,2,4,"Loot Island (CULL)
Nippon (KEEP)
Signorie (KEEP)
Vasco da Gama (CULL)"
Xavier Collette,2,2,4,"Get Bit! (CULL)
Mysterium Park (KEEP)
Timeline (KEEP)
Timeline: Discoveries (CULL)"
Tomasz Jedruszek,1,3,4,"Dominion (KEEP)
Fields of Green (CULL)
Stronghold: 2nd edition (CULL)
Tides of Time (CULL)"
Gjermund Bohne,3,0,3,"Avenue (KEEP)
Santa Maria (KEEP)
Trails of Tucana (KEEP)"
lu'cifer,3,0,3,"DVONN (KEEP)
TZAAR (KEEP)
YINSH (KEEP)"
Ossi Hiekkala,2,1,3,"Castell (KEEP)
Nations (KEEP)
Nations: The Dice Game (CULL)"
Peter Dennis,2,1,3,"Age of Steam (KEEP)
London (CULL)
The King Is Dead (KEEP)"
Alexandre Roche,2,1,3,"Bruxelles 1893 (KEEP)
Jaipur (CULL)
Troyes (KEEP)"
Anne Pätzke,1,2,3,"Brikks (KEEP)
Carcassonne (CULL)
Carcassonne: Hunters and Gatherers (CULL)"
Miguel Coimbra,1,2,3,"Cyclades (CULL)
Imhotep: The Duel (CULL)
Small World (KEEP)"
Michaela Kienle,1,2,3,"Exit: The Game – The Haunted Roller Coaster (CULL)
Imhotep: The Duel (CULL)
Lost Cities (KEEP)"
Philippe Guérin,1,2,3,"Arboretum (KEEP)
Azul (CULL)
Junk Art (CULL)"
Mariusz Gandzel,1,2,3,"Star Wars: Rebellion (KEEP)
Stronghold: 2nd edition (CULL)
Tikal (CULL)"
Xavier Gueniffey Durin,1,2,3,"Seasons (CULL)
Similo (KEEP)
Tokaido (CULL)"
Chris Byer,1,2,3,"Keep (CULL)
Merchants of Muziris (KEEP)
Neolithic (CULL)"
Loïc Billiau,1,2,3,"Circle the Wagons (KEEP)
Sprawlopolis (CULL)
Stew (CULL)"
Thies Schwarz,2,0,2,"Rhino Hero (KEEP)
Rhino Hero: Super Battle (KEEP)"
Dann May,2,0,2,"Everdell (KEEP)
Nothing Personal (KEEP)"
Matthias Catrein,2,0,2,"Dominion (KEEP)
Imperial (KEEP)"
Reinis Pētersons,2,0,2,"ICECOOL (KEEP)
Pyramid of Pengqueen (KEEP)"
Henning Ludvigsen,2,0,2,"Blood Rage (KEEP)
Project: ELITE (KEEP)"
Mike McVey,2,0,2,"Blood Rage (KEEP)
Project: ELITE (KEEP)"
Jeff Oglesby,2,0,2,"Altiplano (KEEP)
Flip Ships (KEEP)"
Hans-Georg Schneider,2,0,2,"Rialto (KEEP)
Strasbourg (KEEP)"
Fiore GmbH,2,0,2,"Maracaibo (KEEP)
NMBR 9 (KEEP)"
Alvin Madden,2,0,2,"For Sale (KEEP)
High Society (KEEP)"
Anne Heidsieck,2,0,2,"Majesty: For the Realm (KEEP)
Welcome To... (KEEP)"
Paul Niemeyer,2,0,2,"Age of Steam (KEEP)
High Society (KEEP)"
Arnaud Demaegd,2,0,2,"Myrmes (KEEP)
The Princes of Florence (KEEP)"
Maisherly,2,0,2,"Hanamikoji (KEEP)
Shadows in Kyoto (KEEP)"
Paolo Voto,2,0,2,"Darwin's Journey (KEEP)
Hats (KEEP)"
Alanna Cervenak,1,1,2,"Innovation (CULL)
Red7 (KEEP)"
JJ Ariosa,1,1,2,"Lockup: A Roll Player Tale (KEEP)
Neolithic (CULL)"
Lina Cossette,1,1,2,"Santorini (KEEP)
Steampunk Rally (CULL)"
David Forest,1,1,2,"Santorini (KEEP)
Steampunk Rally (CULL)"
Luis Francisco,1,1,2,"Pot de Vin (CULL)
The Bloody Inn (KEEP)"
Weberson Santiago,1,1,2,"Pot de Vin (CULL)
The Bloody Inn (KEEP)"
Martin Hoffmann,1,1,2,"Escape: The Curse of the Temple – Big Box (KEEP)
Exit: The Game – The Haunted Roller Coaster (CULL)"
Kwanchai Moriya,1,1,2,"Flip Ships (KEEP)
The Game (CULL)"
Stéphane Gantiez,1,1,2,"Libertalia (KEEP)
Seasons (CULL)"
Tomáš Kučerovský,1,1,2,"Codenames: Duet (KEEP)
The Prodigals Club (CULL)"
Pedro Soto,1,1,2,"1987 Channel Tunnel (KEEP)
Guilds of London (CULL)"
David Prieto,1,1,2,"Babylonia (KEEP)
Cupcake Empire (CULL)"
Uildrim,1,1,2,"Underwater Cities (KEEP)
Viceroy (CULL)"
Gaël Lannurien,1,1,2,"Ankh'or (CULL)
Ginkgopolis (KEEP)"
Jean-Baptiste Reynaud,1,1,2,"Cosmic Encounter Duel (CULL)
Schotten Totten (KEEP)"
Christian Fiore,1,1,2,"Heaven & Ale (KEEP)
HexRoller (CULL)"
Jere Kasanen,1,1,2,"Nations (KEEP)
Nations: The Dice Game (CULL)"
Paul Laane,1,1,2,"Nations (KEEP)
Nations: The Dice Game (CULL)"
Frida Lögdberg,1,1,2,"Nations (KEEP)
Nations: The Dice Game (CULL)"
Nicolas Fructus,1,1,2,"Timeline (KEEP)
Timeline: Discoveries (CULL)"
David Richards,0,2,2,"Century: Spice Road (CULL)
Summoner Wars: Alliances Master Set (CULL)"
Grzegorz Bobrowski,0,2,2,"Fields of Green (CULL)
Imperial Settlers: Empires of the North (CULL)"
Roman Kucharski,0,2,2,"Imperial Settlers: Empires of the North (CULL)
Stronghold: 2nd edition (CULL)"
Tony Boydell,0,2,2,"Guilds of London (CULL)
Snowdonia (CULL)"
Charlie Paull,0,2,2,"Guilds of London (CULL)
Snowdonia (CULL)"
Sandra Freudenreich,0,2,2,"Qwixx (CULL)
The Game (CULL)"
Doris Matthäus,0,2,2,"Carcassonne (CULL)
Ghost Blitz (CULL)"
Chris Ostrowski,0,2,2,"The Blood of an Englishman (CULL)
Tides of Time (CULL)"
Rafał Szyma,0,2,2,"Stronghold: 2nd edition (CULL)
Tides of Time (CULL)"
Janos Jantner,1,0,1,Bugs in the Kitchen (KEEP)
Maximilian Jasionowski,1,0,1,Bugs in the Kitchen (KEEP)
David Cherry,1,0,1,Medici (KEEP)
Dominique Ehrhard,1,0,1,Medici (KEEP)
Sébastien Caiveau,1,0,1,Not Alone (KEEP)
Dávid Jablonovský,1,0,1,Letter Jam (KEEP)
František Sedláček,1,0,1,Letter Jam (KEEP)
Lukáš Vodička,1,0,1,Letter Jam (KEEP)
Michaela Zaoralová,1,0,1,Letter Jam (KEEP)
Jun Sasaki,1,0,1,Insider (KEEP)
Scott Hartman,1,0,1,Mini Rails (KEEP)
Steve Tse,1,0,1,Mini Rails (KEEP)
Todd Sanders,1,0,1,"Gulf, Mobile & Ohio (KEEP)"
Anthony Cournoyer,1,0,1,Crisis (KEEP)
Viktor Csete,1,0,1,Crisis (KEEP)
Lucas Ribeiro,1,0,1,Lockup: A Roll Player Tale (KEEP)
Lucas Soriano,1,0,1,Nothing Personal (KEEP)
Francisco Rico Torres,1,0,1,Nothing Personal (KEEP)
Matthew Inman,1,0,1,Throw Throw Burrito (KEEP)
Elan Lee,1,0,1,Throw Throw Burrito (KEEP)
Markus Schmuck,1,0,1,Las Vegas (KEEP)
Mia Steingräber,1,0,1,Las Vegas (KEEP)
Mathieu Leyssenne,1,0,1,Loony Quest (KEEP)
illuVision,1,0,1,Pyramid of Pengqueen (KEEP)
Marco Armbruster,1,0,1,The Crew: The Quest for Planet Nine (KEEP)
Sophie Rekasowski,1,0,1,Aqualin (KEEP)
Jacoby O'Connor,1,0,1,Raccoon Tycoon (KEEP)
Annie Stegg,1,0,1,Raccoon Tycoon (KEEP)
Thierry Masson,1,0,1,Blood Rage (KEEP)
Adrian Smith,1,0,1,Blood Rage (KEEP)
Oliver Schlemmer,1,0,1,Escape: The Curse of the Temple – Big Box (KEEP)
Jeanne Torres,1,0,1,Flip Ships (KEEP)
Katie Khau,1,0,1,Mental Blocks (KEEP)
Alexander Jung,1,0,1,Strasbourg (KEEP)
Jo Hartwig,1,0,1,Trajan (KEEP)
Marina Fahrenbach,1,0,1,Navegador (KEEP)
Mac Gerdts,1,0,1,Navegador (KEEP)
Jason Coates,1,0,1,Glen More II: Chronicles (KEEP)
Hendrik Noack,1,0,1,Glen More II: Chronicles (KEEP)
Janos Orban,1,0,1,Embarcadero (KEEP)
Dragolisco,1,0,1,The Isle of Cats (KEEP)
Frank West,1,0,1,The Isle of Cats (KEEP)
Ben Carre,1,0,1,Libertalia (KEEP)
Aline Kirrmann,1,0,1,Maracaibo (KEEP)
Bluguy,1,0,1,The Lord of the Rings (KEEP)
John Howe,1,0,1,The Lord of the Rings (KEEP)
Don Perrin,1,0,1,Memoir '44 (KEEP)
Claude Rica,1,0,1,Memoir '44 (KEEP)
Jason Boles,1,0,1,Suburbia: Collector's Edition (KEEP)
Stephanie Gustafsson,1,0,1,Suburbia: Collector's Edition (KEEP)
Brett Stebbins,1,0,1,Suburbia: Collector's Edition (KEEP)
Taylor Bogle,1,0,1,Suburbia: Collector's Edition (KEEP)
Ollin Timm,1,0,1,Suburbia: Collector's Edition (KEEP)
Óscar Aguado,1,0,1,For Sale (KEEP)
Abbas Amirabadi,1,0,1,For Sale (KEEP)
Mahmoud Arasteh Nasab,1,0,1,For Sale (KEEP)
Mohammad Amir Garoosian,1,0,1,For Sale (KEEP)
Emilien Rotival,1,0,1,For Sale (KEEP)
Catell Ruz,1,0,1,For Sale (KEEP)
Uros Vuckovic,1,0,1,For Sale (KEEP)
Klaus Wilinski,1,0,1,For Sale (KEEP)
Sören Meding,1,0,1,Pulsar 2849 (KEEP)
Walter Pepperle,1,0,1,Mexica (KEEP)
Antonio De Luca,1,0,1,Barrage (KEEP)
Justin Schultz,1,0,1,Feudum (KEEP)
Kali Fitzgerald,1,0,1,Love Letter (KEEP)
Andrew Hepworth,1,0,1,Love Letter (KEEP)
Jeff Himmelman,1,0,1,Love Letter (KEEP)
John Kovalic,1,0,1,Love Letter (KEEP)
Nina Matsumoto,1,0,1,Love Letter (KEEP)
Robb Miller,1,0,1,Love Letter (KEEP)
Ken Niimura,1,0,1,Love Letter (KEEP)
Noboru Sugiura,1,0,1,Love Letter (KEEP)
Yating Sun,1,0,1,Love Letter (KEEP)
Isaac Fryxelius,1,0,1,Terraforming Mars (KEEP)
Ana Maria Martinez Jaramillo,1,0,1,Wingspan (KEEP)
Natalia Rojas,1,0,1,Wingspan (KEEP)
Cyril Bouquet,1,0,1,Kingdomino (KEEP)
Saeed Jalabi,1,0,1,Project: ELITE (KEEP)
Stef Kopinski,1,0,1,Project: ELITE (KEEP)
Edgar Skomorowski,1,0,1,Project: ELITE (KEEP)
Benoit Billion,1,0,1,The King Is Dead (KEEP)
David Kegg,1,0,1,Sorcerer City (KEEP)
Damien Mammoliti,1,0,1,Sorcerer City (KEEP)
Ralf Berszuck,1,0,1,Mystic Vale (KEEP)
Storn Cook,1,0,1,Mystic Vale (KEEP)
Andrew Gaia,1,0,1,Mystic Vale (KEEP)
Katherine Guevara,1,0,1,Mystic Vale (KEEP)
Heather Kreiter,1,0,1,Mystic Vale (KEEP)
Kiri Østergaard Leonard,1,0,1,Mystic Vale (KEEP)
Kiki Moch Rizky,1,0,1,Mystic Vale (KEEP)
Martin de Diego Sádaba,1,0,1,Mystic Vale (KEEP)
Ryan Laukat,1,0,1,Dominion (KEEP)
Marcel-André Casasola Merkle,1,0,1,Dominion (KEEP)
Christof Tisch,1,0,1,Dominion (KEEP)
Milan Vavroň,1,0,1,Underwater Cities (KEEP)
Christine Alcouffe,1,0,1,Pharaon (KEEP)
Jean-Marie Minguez,1,0,1,Nidavellir (KEEP)
Matt Allsopp,1,0,1,Star Wars: Rebellion (KEEP)
David Ardila,1,0,1,Star Wars: Rebellion (KEEP)
Balaskas,1,0,1,Star Wars: Rebellion (KEEP)
Tiziano Baracchi,1,0,1,Star Wars: Rebellion (KEEP)
Ryan Barger,1,0,1,Star Wars: Rebellion (KEEP)
Jorge Barrero,1,0,1,Star Wars: Rebellion (KEEP)
Cassandre Bolan,1,0,1,Star Wars: Rebellion (KEEP)
Jon Bosco,1,0,1,Star Wars: Rebellion (KEEP)
Matt Bradbury,1,0,1,Star Wars: Rebellion (KEEP)
Adam Burn,1,0,1,Star Wars: Rebellion (KEEP)
Alexandre Dainche,1,0,1,Star Wars: Rebellion (KEEP)
Christina Davis,1,0,1,Star Wars: Rebellion (KEEP)
Anthony Devine,1,0,1,Star Wars: Rebellion (KEEP)
Allen Douglas,1,0,1,Star Wars: Rebellion (KEEP)
Jose Mikhail Elloso,1,0,1,Star Wars: Rebellion (KEEP)
Tony Foti,1,0,1,Star Wars: Rebellion (KEEP)
Michele Frigo,1,0,1,Star Wars: Rebellion (KEEP)
Zach Graves,1,0,1,Star Wars: Rebellion (KEEP)
Richard Hanuschek,1,0,1,Star Wars: Rebellion (KEEP)
Christopher Hosch,1,0,1,Star Wars: Rebellion (KEEP)
Andrew Johanson,1,0,1,Star Wars: Rebellion (KEEP)
Jeff Lee Johnson,1,0,1,Star Wars: Rebellion (KEEP)
Jason Juta,1,0,1,Star Wars: Rebellion (KEEP)
Adam Lane,1,0,1,Star Wars: Rebellion (KEEP)
Ignacio Bazán Lazcano,1,0,1,Star Wars: Rebellion (KEEP)
Ralph McQuarrie,1,0,1,Star Wars: Rebellion (KEEP)
Mark Molnar,1,0,1,Star Wars: Rebellion (KEEP)
Jake Murray,1,0,1,Star Wars: Rebellion (KEEP)
Ameen Naksewee,1,0,1,Star Wars: Rebellion (KEEP)
David Auden Nash,1,0,1,Star Wars: Rebellion (KEEP)
Mike Nash,1,0,1,Star Wars: Rebellion (KEEP)
Maciej Rebisz,1,0,1,Star Wars: Rebellion (KEEP)
Alexandru Sabo,1,0,1,Star Wars: Rebellion (KEEP)
Samuel R. Shimota,1,0,1,Star Wars: Rebellion (KEEP)
Tony Shasteen,1,0,1,Star Wars: Rebellion (KEEP)
Stephen Somers,1,0,1,Star Wars: Rebellion (KEEP)
Matthew Starbuck,1,0,1,Star Wars: Rebellion (KEEP)
Nicholas Stohlman,1,0,1,Star Wars: Rebellion (KEEP)
Angela Sung,1,0,1,Star Wars: Rebellion (KEEP)
Darren Tan,1,0,1,Star Wars: Rebellion (KEEP)
Ryan Valle,1,0,1,Star Wars: Rebellion (KEEP)
Jose Vega,1,0,1,Star Wars: Rebellion (KEEP)
VIKO,1,0,1,Star Wars: Rebellion (KEEP)
Magali Villeneuve,1,0,1,Star Wars: Rebellion (KEEP)
Jacob Walker,1,0,1,Star Wars: Rebellion (KEEP)
Ben Zweifel,1,0,1,Star Wars: Rebellion (KEEP)
Martin Mottet,1,0,1,The Magnificent (KEEP)
Freepik,1,0,1,Electropolis (KEEP)
Masha Tace,1,0,1,Electropolis (KEEP)
Josh Cappel,1,0,1,The Manhattan Project: Energy Empire (KEEP)
Jeffrey Edwards,1,0,1,The Manhattan Project: Energy Empire (KEEP)
Emily Hancock,1,0,1,Merchants of Muziris (KEEP)
Daryl Toh Liem Zhan,1,0,1,Merchants of Muziris (KEEP)
Andrew Bosley,1,0,1,Everdell (KEEP)
Atelier Löwentor,1,0,1,No Thanks! (KEEP)
Sean Brown,1,0,1,Age of Steam (KEEP)
Sam Phillips,1,0,1,Circadians: First Light (KEEP)
Cole Wehrle,1,0,1,Pax Pamir: Second Edition (KEEP)
Mateusz Bielski,1,0,1,High Society (KEEP)
Medusa Dollmaker,1,0,1,High Society (KEEP)
Wesly Gibs,1,0,1,High Society (KEEP)
Dahee Lee,1,0,1,High Society (KEEP)
Yusuke Mamada,1,0,1,High Society (KEEP)
Ulf Marckwort,1,0,1,High Society (KEEP)
Björn Pertoft,1,0,1,High Society (KEEP)
Markus Wagner,1,0,1,High Society (KEEP)
Villő Farkas,1,0,1,Trickerion: Legends of Illusion (KEEP)
László Fejes,1,0,1,Trickerion: Legends of Illusion (KEEP)
Steve Finn,1,0,1,Biblios (KEEP)
David Palumbo,1,0,1,Biblios (KEEP)
Bryan Fischer,1,0,1,Circle the Wagons (KEEP)
Mashiro Misaki,1,0,1,Hanamikoji (KEEP)
Sabrina Miramon,1,0,1,Quadropolis (KEEP)
John Gravato,1,0,1,Through the Desert (KEEP)
Atha Kanaani,1,0,1,Through the Desert (KEEP)
Scott Nicely,1,0,1,Through the Desert (KEEP)
Brian Schomburg,1,0,1,Through the Desert (KEEP)
Eckhard Freytag,1,0,1,The Princes of Florence (KEEP)
Wolfgang Kramer,1,0,1,The Princes of Florence (KEEP)
Mirco Paganessi,1,0,1,The Princes of Florence (KEEP)
Richard Ulrich,1,0,1,The Princes of Florence (KEEP)
Dorien Boekhorst,1,0,1,Schotten Totten (KEEP)
Bärbel Skarabelo,1,0,1,Schotten Totten (KEEP)
Alessandra Cimatoribus,1,0,1,Torres (KEEP)
Tomasz Larek,1,0,1,Blue Lagoon (KEEP)
Gong Studios,1,0,1,Tiny Towns (KEEP)
Jonas Hassibi,1,0,1,Babylonia (KEEP)
Anke Pohl,1,0,1,Lost Cities (KEEP)
Thilo Rick,1,0,1,Lost Cities (KEEP)
Rex Lee,1,0,1,Patchwork (KEEP)
Gru Tsow,1,0,1,Patchwork (KEEP)
Jennifer L. Meyer,1,0,1,The Fox in the Forest (KEEP)
Pascal Quidault,1,0,1,Conspiracy: Abyss Universe (KEEP)
Rey Sommerkamp,1,0,1,L.L.A.M.A. (KEEP)
Barbara Spelger,1,0,1,L.L.A.M.A. (KEEP)
Tomasz Samojlik,1,0,1,L.L.A.M.A. (KEEP)
M81 Studio,1,0,1,Mysterium Park (KEEP)
Haakon Gaarder,1,0,1,Villagers (KEEP)
François Bruel,1,0,1,"Hey, That's My Fish! (KEEP)"
Sylvain Decaux,1,0,1,"Hey, That's My Fish! (KEEP)"
Bernd Natke,1,0,1,"Hey, That's My Fish! (KEEP)"
Bartlomiej Roczniak,0,1,1,Venice (CULL)
Kerri Aitken,0,1,1,Boomerang: Europe (CULL)
Vincent Christiaens,0,1,1,Lawyer Up (CULL)
Sean Simmons,0,1,1,Lawyer Up (CULL)
Matt Zeilinger,0,1,1,Lawyer Up (CULL)
Carl Chudyk,0,1,1,Innovation (CULL)
Cara Judd,0,1,1,Innovation (CULL)
Robin Olausson,0,1,1,Innovation (CULL)
Anders Olausson,0,1,1,Innovation (CULL)
Cyril Van Der Haegen,0,1,1,Innovation (CULL)
Tristam Rossin,0,1,1,3 Laws of Robotics (CULL)
Alexandr Elichev,0,1,1,Founders of Gloomhaven (CULL)
Josh T. McDowell,0,1,1,Founders of Gloomhaven (CULL)
Felideus Bubastis,0,1,1,Walk the Plank! (CULL)
Mike Groves,0,1,1,Walk the Plank! (CULL)
Guido Favaro,0,1,1,Coloretto (CULL)
Michael Schacht,0,1,1,Coloretto (CULL)
Oksana Svistun,0,1,1,Coloretto (CULL)
Silvia Christoph,0,1,1,Exit: The Game – The Haunted Roller Coaster (CULL)
Daniel Lieske,0,1,1,The Mysterious Forest (CULL)
Stéphane Escapa,0,1,1,Slide Quest (CULL)
Mike Atkinson,0,1,1,London (CULL)
Natalia Borek,0,1,1,London (CULL)
Simon Jannerland,0,1,1,London (CULL)
Przemysław Sobiecki,0,1,1,London (CULL)
Sandra Johansson,0,1,1,Ubongo (CULL)
Nicolas Neubauer,0,1,1,Ubongo (CULL)
Steve Fastner,0,1,1,Lords of Vegas (CULL)
Rich Larson,0,1,1,Lords of Vegas (CULL)
Mihajlo Dimitrievski,0,1,1,Drawn to Adventure (CULL)
Fernanda Suárez,0,1,1,Century: Spice Road (CULL)
Charlie Bink,0,1,1,Coconuts (CULL)
Robert Islas,0,1,1,Coconuts (CULL)
Vincent Kim,0,1,1,Coconuts (CULL)
Jaroslav Jurica,0,1,1,Project L (CULL)
Pavel Richter,0,1,1,Project L (CULL)
Cam Kendell,0,1,1,5-Minute Mystery (CULL)
Vaughn Reynolds,0,1,1,Starving Artists (CULL)
Juliet Breese,0,1,1,Inhabit the Earth (CULL)
David Cochard,0,1,1,Tash-Kalar: Arena of Legends (CULL)
Roland MacDonald,0,1,1,Undaunted: Normandy (CULL)
Marcel Gröber,0,1,1,Carcassonne: Hunters and Gatherers (CULL)
Johann Rüttinger,0,1,1,Carcassonne: Hunters and Gatherers (CULL)
Dalibor Krch,0,1,1,Space Race: The Card Game (CULL)
Zak Eidsvoog,0,1,1,Space Race: The Card Game (CULL)
Brian Patterson,0,1,1,Chimera Station (CULL)
Mike Langman,0,1,1,Piepmatz (CULL)
Vincent Poulard,0,1,1,Get Bit! (CULL)
Gavin Schmitt,0,1,1,Get Bit! (CULL)
Naomi Robinson,0,1,1,Fields of Green (CULL)
Roberto Grasso,0,1,1,Jungle Race (CULL)
Christian Opperer,0,1,1,Carthago: Merchants & Guilds (CULL)
Odysseas Stamoglou,0,1,1,Carthago: Merchants & Guilds (CULL)
Citie Lo,0,1,1,Board Game Cafe Frenzy (CULL)
Amanda Duarte,0,1,1,Cupcake Empire (CULL)
Banu Andaru,0,1,1,Valley of the Kings: Premium Edition (CULL)
Johan Egerkrans,0,1,1,Odin's Ravens (Second Edition) (CULL)
Marcin Minor,0,1,1,Odin's Ravens (Second Edition) (CULL)
Mateusz Komada,0,1,1,Jetpack Joyride (CULL)
Katarzyna Kosobucka,0,1,1,Jetpack Joyride (CULL)
Adam P. McIver,0,1,1,Rolled West (CULL)
Ariel Seoane,0,1,1,Rolled West (CULL)
Antoine Bauza,0,1,1,Hanabi (CULL)
Gérald Guerlais,0,1,1,Hanabi (CULL)
Albertine Ralenti,0,1,1,Hanabi (CULL)
Roanna Peroz,0,1,1,The Fox in the Forest Duet (CULL)
Jade Mosch,0,1,1,Kanagawa (CULL)
Anca Gavril,0,1,1,On Tour (CULL)
Cathy Brigg,0,1,1,Tsuro (CULL)
Shane Small,0,1,1,Tsuro (CULL)
Imelda Vohwinkel,0,1,1,Tsuro (CULL)
Sami Laakso,0,1,1,Dale of Merchants (CULL)
Alayna Lemmer-Danner,0,1,1,Temporum (CULL)
Pawel Hordyniak,0,1,1,Minute Realms (CULL)
Markku Laine,0,1,1,Dokmus (CULL)
Sami Saramäki,0,1,1,Dokmus (CULL)
Josh Wood,0,1,1,Cat Lady (CULL)
Marta Tranquilli,0,1,1,Railroad Ink: Deep Blue Edition (CULL)
Klaus-Jürgen Wrede,0,1,1,Carcassonne (CULL)
Sarah Ellerton,0,1,1,Arcane Academy (CULL)
Michael DeVito,0,1,1,Arcane Academy (CULL)
Chris Wharton,0,1,1,Arcane Academy (CULL)
Isidre Monés,0,1,1,Amun-Re (CULL)
Dylan Mangini,0,1,1,Point Salad (CULL)
Sylvain Guinebaud,0,1,1,Piña Pirata (CULL)
Sebastián Koziner,0,1,1,Cosmic Encounter Duel (CULL)
Régis Torres,0,1,1,Cosmic Encounter Duel (CULL)
Dan Pellow,0,1,1,Tides of Time (CULL)
Blake Rottinger,0,1,1,Tides of Time (CULL)
Artur Sadlos,0,1,1,Tides of Time (CULL)
Dmitry Burmak,0,1,1,Viceroy (CULL)
Sergey Dulin,0,1,1,Viceroy (CULL)
Pavel Guzenko,0,1,1,Viceroy (CULL)
Anna Ignatieva,0,1,1,Viceroy (CULL)
Ilya Komarov,0,1,1,Viceroy (CULL)
Kate Maximovich,0,1,1,Viceroy (CULL)
Dmitry Prosvirnin,0,1,1,Viceroy (CULL)
Jun Kondo,0,1,1,Onitama (CULL)
Mariusz Szmerdt,0,1,1,Onitama (CULL)
Danny Devine,0,1,1,Sprawlopolis (CULL)
Vincent Joubert,0,1,1,Via Nebula (CULL)
Jason D. Kingsley,0,1,1,The Game (CULL)
Gabriela Silveira,0,1,1,Ghost Blitz (CULL)
Peter Wocken,0,1,1,Sagrada (CULL)
Sylvain Aublin,0,1,1,Scarabya (CULL)
Thomas Vuarchex,0,1,1,Jungle Speed (CULL)
Pierrick Yakovenko,0,1,1,Jungle Speed (CULL)
Max Prentis,0,1,1,Second Chance (CULL)
Justine Nortjé,0,1,1,Second Chance (CULL)
Clément Masson,0,1,1,Five Tribes (CULL)
Ronald Halliday,0,1,1,Seven Bridges (CULL)
Michael T Schroeder,0,1,1,Seven Bridges (CULL)
Leon Schiffer,0,1,1,That's Pretty Clever! (CULL)
Jason Glover,0,1,1,Stew (CULL)
Sofia Muzychka,0,1,1,Stew (CULL)
Pierô,0,1,1,Mr. Jack (CULL)
Régis Bonnessée,0,1,1,Seasons (CULL)
Alex Fernandez (I),0,1,1,Zombie Dice (CULL)
Michael Michaels,0,1,1,Ligretto (CULL)
Vito Gesualdi,0,1,1,Star Realms (CULL)
Oliver Howe,0,1,1,Keep (CULL)
Barbara Trela-Szyma,0,1,1,Stronghold: 2nd edition (CULL)
Noah Adelman,0,1,1,Gùgōng (CULL)
Chris Bilheimer,0,1,1,A Gentle Rain (CULL)
Karolina Kijak,0,1,1,Meadow (CULL)
Katarzyna Fiebiger,0,1,1,Meadow (CULL)
